Jacky
1,2,3,4,6,7,8,9,10,11,12,13,14,15,16,17,18,19,20,23
50,24,51,89,35,87,42,84,17,36,29,95,31,12,66,34,10,56,62,96
5,1,31,16,90,74,66,25,55,2,64,97,38,14,75,17,48,22,52,79
86,71,21,20,81,29,49,95,77,7,96,61,75,87,35,41,53,12,48,76
98,46,42,64,73,11,12,95,15,92,82,86,65,2,67,4,63,24,85,20
Yasin
11,12,13,14,15,16,0,1,2,3,4,5,6,7,8,9,17,20,22,99
53,45,33,82,56,68,71,91,14,99,63,57,50,3,22,39,34,6,51,90
83,35,56,26,31,62,50,30,11,85,36,8,70,18,64,90,34,69,97,65
20,52,39,11,86,69,90,4,46,82,87,60,32,70,23,6,91,76,48,18
66,16,74,88,13,40,60,17,31,23,3,53,92,45,57,48,36,52,24,58
Sacha
0,4,50,99,45,51,71,47,20,8,69,52,49,44,3,87,74,55,6,78
0,59,71,76,7,47,2,51,4,48,56,30,99,3,72,55,60,69,58,84
54,20,91,59,50,43,70,21,71,77,68,26,37,30,48,19,86,78,41,81
81,66,88,41,87,47,40,58,83,30,26,80,70,28,1,21,19,92,50,95
63,88,25,34,82,7,15,48,47,9,35,94,49,93,30,23,56,6,55,78
Youcef
53,99,61,75,66,74,12,93,50,65,70,96,77,31,11,55,19,98,90,76
58,41,74,78,94,8,11,95,61,62,36,80,81,7,55,57,19,73,27,67
48,5,50,97,18,61,43,95,71,36,69,49,31,29,12,26,91,75,34,79
55,67,93,14,13,1,72,32,74,99,52,56,2,23,75,16,18,70,87,39
89,86,69,1,64,12,28,50,43,36,17,37,31,90,22,15,16,74,67,30
TestWarning
21,48,46,85,19,12,2,78,96,87,62,69,54,60,91,30,55,22,81,75
50,99,36,62,18,68,59,47,35,32,81,17,66,45,72,97,93,11,9,55
41,78,61,1,21,91,57,95,25,84,45,24,20,7,94,18,42,76,3,89
10,72,8,55,44,5,49,7,14,56,48,18,50,65,61,59,12,86,43,57
62,15,17,9,56,87,51,33,42,92,95,0,50,11,5,71,8,19,78,21
