Jacky
0,1,2,3,4,5,6,7,8,9,10,11,12,13,14,15,16,17,18,19
50,24,51,89,35,87,42,84,17,36,29,95,31,12,66,34,10,56,62,96
5,1,31,16,90,74,66,25,55,2,64,97,38,14,75,17,48,22,52,79
86,71,21,20,81,29,49,95,77,7,96,61,75,87,35,41,53,12,48,76
98,46,42,64,73,11,12,95,15,92,82,86,65,2,67,4,63,24,85,20
Yasin
0,1,2,3,4,5,6,7,8,9,10,11,12,13,14,15,16,17,18,19
53,45,33,82,56,68,71,91,14,99,63,57,50,3,22,39,34,6,51,90
83,35,56,26,31,62,50,30,11,85,36,8,70,18,64,90,34,69,97,65
20,52,39,11,86,69,90,4,46,82,87,60,32,70,23,6,91,76,48,18
66,16,74,88,13,40,60,17,31,23,3,53,92,45,57,48,36,52,24,58
Youcef
58,41,74,78,94,8,11,95,61,62,36,80,81,7,55,57,19,73,27,67
48,5,50,97,18,61,43,95,71,36,69,49,31,29,12,26,91,75,34,79
55,67,93,14,13,1,72,32,74,99,52,56,2,23,75,16,18,70,87,39
89,86,69,1,64,12,28,50,43,36,17,37,31,90,22,15,16,74,67,30
20,52,39,11,86,69,90,4,46,82,87,60,32,70,23,6,91,76,48,18
Test2Pc
83,86,77,15,93,35,86,92,49,21,62,27,90,59,63,26,40,26,72,36
11,68,67,29,82,30,62,23,67,35,29,2,22,58,69,93,56,11,42,73
21,19,84,37,98,24,15,70,13,26,91,80,56,73,62,70,96,81,5,25
84,27,36,5,46,29,13,57,24,95,82,45,14,67,34,64,43,50,87,8
76,78,88,84,3,51,54,99,32,60,76,68,39,12,26,86,94,39,95,70
TestPcPortable
83,86,77,15,93,35,86,92,49,21,62,27,90,59,63,26,40,26,72,36
11,68,67,29,82,30,62,23,67,35,29,2,22,58,69,93,56,11,42,73
21,19,84,37,98,24,15,70,13,26,91,80,56,73,62,70,96,81,5,25
84,27,36,5,46,29,13,57,24,95,82,45,14,67,34,64,43,50,87,8
76,78,88,84,3,51,54,99,32,60,76,68,39,12,26,86,94,39,95,70
Renato
83,86,77,15,93,35,86,92,49,21,62,27,90,59,63,26,40,26,72,36
11,68,67,29,82,30,62,23,67,35,29,2,22,58,69,93,56,11,42,73
21,19,84,37,98,24,15,70,13,26,91,80,56,73,62,70,96,81,5,25
84,27,36,5,46,29,13,57,24,95,82,45,14,67,34,64,43,50,87,8
76,78,88,84,3,51,54,99,32,60,76,68,39,12,26,86,94,39,95,70
