Jacky
0,1,2,3,4,5,6,7,8,9,10,11,12,13,14,15,16,17,18,19
50,24,51,89,35,87,42,84,17,36,29,95,31,12,66,34,10,56,62,96
5,1,31,16,90,74,66,25,55,2,64,97,38,14,75,17,48,22,52,79
86,71,21,20,81,29,49,95,77,7,96,61,75,87,35,41,53,12,48,76
98,46,42,64,73,11,12,95,15,92,82,86,65,2,67,4,63,24,85,20
Yasin
0,1,2,3,4,5,6,7,8,9,10,11,12,13,14,15,16,17,18,19
53,45,33,82,56,68,71,91,14,99,63,57,50,3,22,39,34,6,51,90
83,35,56,26,31,62,50,30,11,85,36,8,70,18,64,90,34,69,97,65
20,52,39,11,86,69,90,4,46,82,87,60,32,70,23,6,91,76,48,18
66,16,74,88,13,40,60,17,31,23,3,53,92,45,57,48,36,52,24,58
Youcef
1,0,2,3,4,5,6,7,8,9,10,11,12,13,14,15,16,17,18,19
48,5,50,97,18,61,43,95,71,36,69,49,31,29,12,26,75,79,32,13
55,67,93,14,13,1,72,32,74,99,52,56,2,23,75,16,18,70,87,39
89,86,69,1,64,12,28,50,43,36,17,37,31,90,22,15,16,74,67,4
20,52,39,11,86,69,90,4,46,82,87,60,32,70,23,6,91,76,48,18
Mixone
34,78,67,1,97,2,17,92,52,56,1,80,86,41,65,89,44,19,40,29
31,17,97,71,81,75,9,27,67,56,97,53,86,65,6,83,19,24,28,71
32,29,3,19,70,68,8,15,40,49,96,23,18,45,46,51,21,55,79,88
64,28,41,50,93,0,34,64,24,14,87,56,43,91,27,65,59,36,32,51
37,28,75,7,74,21,58,95,29,37,35,93,18,28,43,11,29,76,4,43
Jalal
34,78,67,1,97,2,17,92,52,56,1,80,86,41,65,89,44,19,40,29
50,24,51,89,35,87,42,84,17,36,29,95,31,12,66,34,10,56,62,96

37,28,75,7,74,21,58,95,29,37,35,93,18,28,43,11,29,76,4,43
98,46,42,64,73,11,12,95,15,92,82,86,65,2,67,4,63,24,85,20
